Synthetic Experiments
======================
For Exp.1 & Exp.2:
a==>#modes in 2D Ring
b==>Qual in 2D Ring
c==>#modes in 2D Grid
d==>Qual in 2D Grid

# Exp.1: Batch-Size Experiment

# DPP
a = [6, 7, 8, 8, 8]
b = [0.56, 13.7, 72.1, 76.2, 78.9]
c = [2, 11, 25, 25, 25]
d = [0.12, 0.72, 64.37, 80.92, 81.71]

#Unrolled-GAN
e = [5.8, 6.8, 7.6, 8, 7.8]
f = [0.85, 10.97, 35.6, 37.31, 42.71]
g = [3.8, 10.8, 23.6, 23.8, 23.8]
h = [0.18, 7.41, 16, 19.7, 18.4]

# VEE-GAN
i = [0.6, 6.6, 8, 8, 8]
j = [0.02, 1.02, 27.91, 47.33, 48.26]
k = [1.8, 8.8, 19.8, 23, 24.8]
l = [0.07, 0.44, 4.05, 10.31, 19.24]

# WGAN-GP
m = [3.2, 5.2, 6.8, 7.2, 8]
n = [2.4, 24.2, 59.6, 61.7, 68.2]
o = [15.8, 16.8, 24.2, 24.8, 25]
p = [0.05, 2.16, 28.7, 32.8, 38.19]




# Exp.2: Running Time Experiment

# DPP
a = [6.5, 7, 7.5, 8, 8]
b = [6.34, 28.9, 44.66, 67.96, 73.42]
c = [20, 20.5, 23.5, 24.8, 24.8]
d = [1.68, 1.72, 5.54, 33.92, 68.53]

#Unrolled-GAN
e = [6.2, 6.2, 6.4, 7.2, 7.6]
f = [6.31, 6.76, 11.2, 23.7, 31.2]
g = [20.6, 21.6, 21.6, 22.6, 23]
h = [2.52, 2.944, 6.69, 3.58, 3.58]

# VEE-GAN
i = [3.6, 7.6, 8, 7.6, 8]
j = [0.22, 2.37, 10.71, 24.45, 29.76]
k = [14.2, 17.2, 18.4, 17.6, 19.6]
l = [1.64, 1.56, 1.72, 2.45, 5.5]

# WGAN-GP
m = [5.2, 5.4, 5.2, 6.2, 6.8]
n = [2.4, 24.2, 41.7, 48.2, 59.6]
o = [15.8, 16.8, 19.1, 22.4, 24.2]
p = [4.6, 14.8, 12.8, 22.3, 28.7]







***************************************
Real Experiment
===============
dpp_gan = [2.30394, 2.80759, 3.89844, 3.34437, 4.01253, 3.89258, 3.4969, 4.27287, 4.2719, 4.64569, 4.79657, 4.70703, 4.97656, 5.09928, 4.99573, 4.9327, 5.09986, 4.96348, 5.07478, 4.97042, 5.14757, 4.92136, 5.03031, 5.02193, 5.02651]
wgan_gp = [2.1128, 2.57101, 2.8195, 3.13987, 3.31419, 3.37348, 3.81657, 3.86184, 3.94905, 4.01972, 4.28645, 4.25352, 4.35237, 4.4504, 4.84131, 4.56646, 4.79464, 4.89391, 4.96302, 4.77901, 4.71402, 4.79377, 4.76195, 4.82129, 4.73443]
wgan = [1.1861, 1.76215, 2.0078, 2.23806, 2.19133, 2.34055, 2.26999, 2.56071, 2.57341, 2.57932, 2.51818, 2.64853, 2.604, 2.63975, 2.74746, 2.65929, 2.60582, 2.66131, 2.7684, 2.68979, 2.73138, 2.67573, 2.63984, 2.683, 2.71119]
dcgan = [1.96787, 3.17265, 2.85445, 3.84794, 3.25607, 3.03651, 3.62778, 3.93409, 3.61467, 4.40931, 2.8925, 4.32953, 3.18623, 4.71613, 4.92785, 4.75118, 3.37389, 4.02333, 3.7699, 4.92923, 3.49981, 4.35684, 4.99912, 4.00719, 4.81259]
